19 19
8 3 6 1 5 9 5 5 4 4 2 4 5 9 9 9 4 7 3
4 1 1 9 7 7 5 6 6 7 8 4 5 5 5 9 6 1 6
8 9 5 6 1 1 9 7 9 5 8 6 9 8 1 8 5 2 6
1 5 4 9 2 2 9 8 1 8 3 8 9 9 7 5 5 4 6
2 2 3 1 8 4 3 4 9 5 2 9 7 5 9 5 2 2 2
9 5 8 3 9 2 5 6 6 6 7 5 7 8 3 7 8 8 7
8 9 1 4 9 7 1 5 1 3 2 3 1 9 9 7 6 3 8
5 1 6 5 2 7 5 3 2 9 5 9 5 4 7 9 9 6 3
3 1 4 6 7 8 4 4 3 3 1 1 2 2 9 9 5 9 5
9 9 2 5 6 2 6 2 1 3 7 3 6 5 4 4 5 1 9
7 1 8 1 1 1 1 2 1 9 5 8 9 2 1 1 6 1 3
4 6 6 8 8 3 2 2 5 1 4 3 4 5 1 9 1 5 8
2 4 8 5 5 7 7 5 6 9 6 3 2 7 8 9 9 1 8
9 2 4 6 6 2 3 3 6 8 1 9 1 5 7 4 9 4 6
3 1 3 2 1 3 1 9 2 7 8 8 2 2 2 3 3 5 4
6 2 1 5 2 7 2 1 8 8 3 6 5 8 4 5 4 7 3
5 2 4 7 1 2 9 5 6 7 1 8 9 4 6 6 3 1 2
7 3 6 4 5 7 8 3 2 5 2 2 3 9 1 2 3 1 1
8 5 7 4 2 4 9 2 9 3 1 8 7 6 9 8 9 6 6
