19 19
6 8 9 7 8 1 4 4 2 6 8 9 8 2 6 6 3 6 3
5 8 1 3 8 6 6 3 8 6 4 6 2 1 3 2 7 1 1
3 9 1 3 4 7 1 7 2 5 3 6 5 6 9 6 4 9 7
2 7 2 2 1 3 2 4 6 9 6 5 5 8 1 3 5 1 2
5 9 1 2 4 8 9 2 2 6 4 5 6 5 1 6 5 4 7
9 3 6 6 2 1 2 1 2 8 6 8 4 6 3 8 2 4 9
7 3 9 3 5 6 4 5 1 7 6 9 1 4 4 6 7 3 7
2 3 3 3 7 4 1 4 6 6 8 8 7 9 4 9 5 8 2
7 2 2 5 3 3 4 8 3 4 8 5 2 8 4 7 2 6 6
1 1 8 7 3 2 3 8 4 5 1 1 1 2 9 1 7 1 2
5 4 4 3 8 9 6 1 8 2 9 7 6 3 1 2 1 4 3
6 2 6 6 5 7 9 3 2 8 5 5 3 1 3 9 7 5 7
7 9 2 2 4 1 5 3 6 2 5 7 3 7 6 2 9 2 9
7 5 6 6 2 8 9 4 9 9 9 1 7 7 3 6 6 4 6
5 3 3 5 2 7 6 5 9 1 5 6 6 8 8 4 1 2 5
6 1 1 7 5 5 2 5 3 4 1 2 7 1 1 2 1 5 3
1 4 1 3 6 3 5 5 1 5 1 9 9 7 6 4 3 4 7
1 1 2 1 1 5 6 7 9 4 1 8 2 4 5 8 9 3 6
7 5 3 8 9 6 2 3 9 2 6 6 8 1 5 5 5 8 5
